((("passed" .
   [1 0 0 0 0 0])
  ("is_finish_pre_ind" .
   [1 0 0 0 0 0 0 0 0 0 0 0 0 0 0 0 0])
  ("indd" .
   [11 0 0 0])
  ("nokori" .
   [10 0 0 0 0 0])
  ("is_finish_test_ind" .
   [4 0 0 0 0 0 0 0 0 0 0 0 0 0 0 0 0 0])
  ("exam" .
   [1 0 0 0])
  ("is_sta_ind" .
   [8 0 0 0 0 0 0 0 0 0])
  ("is_sta_time" .
   [1 0 0 0 0 0 0 0 0 0 0])
  ("exams" .
   [11 0 0 0 0])
  ("exams_ori" .
   [4 0 0 0 0 0 0 0 0])
  ("test_ind" .
   [3 0 0 0 0 0 0 0])
  ("get" .
   [2 0 0])
  ("WW" .
   [2 0])
  ("HH" .
   [2 0])
  ("xi1" .
   [2 0 0])
  ("yi1" .
   [2 0 0])
  ("xi2" .
   [2 0 0])
  ("yi2" .
   [2 0 0])
  ("Y2" .
   [1 0])
  ("X1" .
   [1 0])
  ("x1" .
   [2 0])
  ("ww" .
   [2 0])
  ("hh" .
   [2 0])
  ("it4" .
   [3 0 0])
  ("it3" .
   [5 0 0])
  ("it2" .
   [13 0 0])
  ("isok" .
   [1 0 0 0])
  ("pass" .
   [3 0 0 0])
  ("boost" .
   [1 0 0 0 0])
  ("Math" .
   [1 0 0 0])
  ("dt" .
   [4 0])
  ("dd" .
   [6 0])
  ("y" .
   [10])
  ("x" .
   [8])
  ("rune" .
   [1 0 0 0])
  ("lis" .
   [6 0 0])
  ("Reverse" .
   [2 0 0 0 0 0 0])
  ("runes" .
   [5 0 0 0 0])
  ("StrRev" .
   [1 0 0 0 0 0])
  ("Y" .
   [12])
  ("ok2" .
   [6 0 0])
  ("ok1" .
   [5 0 0])
  ("can2" .
   [6 0 0 0])
  ("can1" .
   [10 0 0 0])
  ("se1" .
   [6 0 0])
  ("se2" .
   [1 0 0])
  ("update" .
   [10 0 0 0 0 0])
  ("del2" .
   [3 0 0 0])
  ("del1" .
   [1 0 0 0])
  ("isfi" .
   [2 0 0 0])
  ("del" .
   [7 0 0])
  ("dif" .
   [1 0 0])
  ("ufW" .
   [3 0 0])
  ("ufH" .
   [3 0 0])
  ("res2" .
   [1 0 0 0])
  ("S" .
   [7])
  ("can" .
   [1 0 0])
  ("canN" .
   [1 0 0 0])
  ("same" .
   [8 0 0 0])
  ("dpW" .
   [2 0 1])
  ("dpH" .
   [20 0 0])
  ("suA" .
   [3 0 0])
  ("root" .
   [6 0 0 0])
  ("sua" .
   [8 0 0])
  ("di_mi" .
   [8 0 0 0 0])
  ("di_ma" .
   [5 0 0 0 0])
  ("dii" .
   [6 0 0])
  ("add_edge" .
   [19 0 0 1 0 0 0 0])
  ("Dinic" .
   [3 0 0 0 0])
  ("su" .
   [7 0])
  ("l2" .
   [1 0])
  ("zero" .
   [2 0 0 0])
  ("primes" .
   [1 0 0 0 0 0])
  ("isprime" .
   [4 0 0 0 0 0 0])
  ("era" .
   [5 0 0])
  ("Eratos" .
   [2 0 0 0 0 0])
  ("vv" .
   [4 0])
  ("memo" .
   [5 0 0 0])
  ("is_win" .
   [6 0 0 0 0 0])
  ("is_fi" .
   [2 0 0 0 0])
  ("eq" .
   [5 0])
  ("dp2" .
   [6 0 0])
  ("dp1" .
   [6 0 0])
  ("idx" .
   [2 0 0])
  ("isX" .
   [4 0 0])
  ("fi" .
   [15 0])
  ("multiset" .
   [3 0 0 0 0 0 0 0])
  ("weight" .
   [1 0 0 0 0 0])
  ("r" .
   [3])
  ("ie" .
   [6 0])
  ("InvElem" .
   [4 0 0 0 0 0 0])
  ("inv" .
   [7 0 0])
  ("//" .
   [1 0])
  ("ppow" .
   [2 0 0 0])
  ("bits2" .
   [1 0 0 0 0])
  ("bits1" .
   [1 0 0 0 0])
  ("len" .
   [17 0 0])
  ("sum_sub" .
   [6 0 0 0 0 0 0])
  ("add_sub" .
   [5 0 0 0 0 0 0])
  ("ind" .
   [50 0 0])
  ("bit" .
   [24 0 0])
  ("n_" .
   [6 0])
  ("BIT" .
   [6 0 0])
  ("poweroff" .
   [1 0 0 0 0 0 0 0])
  ("yokoi" .
   [3 0 0 0 0])
  ("tatei" .
   [3 0 0 0 0])
  ("yokov" .
   [4 0 0 0 0])
  ("tatev" .
   [4 0 0 0 0])
  ("hi" .
   [16 0])
  ("his" .
   [13 0 0])
  ("ismi" .
   [1 0 0 0])
  ("n2f" .
   [3 0 0])
  ("__builtin_popcount" .
   [1 0 0 0 0 0 0 0 0 0 0 0 0 0 0 0 0 0])
  ("to2" .
   [3 0 0])
  ("to1" .
   [3 0 0])
  ("usum" .
   [4 0 0 0])
  ("D2" .
   [4 0])
  ("prev" .
   [2 0 0 0])
  ("next" .
   [10 0 0 0])
  ("back" .
   [15 0 0 0])
  ("trash" .
   [5 0 0 0 0])
  ("CARD" .
   [6 0 0 0])
  ("card" .
   [19 0 0 0])
  ("digit" .
   [3 0 0 0 0])
  ("boxs" .
   [9 0 0 0])
  ("time_t" .
   [2 0 0 0 0 0])
  ("kiken" .
   [5 0 0 0 0])
  ("P_PROP" .
   [1 0 0 0 0 0])
  ("N_PROP" .
   [1 0 0 0 0 0])
  ("pom" .
   [12 0 0])
  ("po4" .
   [3 0 0])
  ("no3" .
   [3 0 0])
  ("chrono" .
   [2 0 0 0 0 0])
  ("menu" .
   [1 0 0 0])
  ("re_ind" .
   [3 0 0 0 0 0])
  ("shuffle" .
   [1 0 0 0 0 0 0])
  ("price" .
   [3 0 0 0 0])
  ("seed_gen" .
   [1 0 0 0 0 0 0 0])
  ("DATA_EAT" .
   [3 0 0 0 0 1 0 0])
  ("color" .
   [8 0 0 0 0])
  ("INF" .
   [2 0 0])
  ("tmp2" .
   [9 0 0 0])
  ("tmp1" .
   [7 0 0 0])
  ("find" .
   [1 0 0 0])
  ("par" .
   [3 0 0])
  ("c++-stl-push-front" .
   [3 0 0 0 0 0 0 0 0 0 0 0 0 0 0 0 0 0])
  ("year" .
   [3 0 0 0])
  ("idy" .
   [4 0 0])
  ("issame" .
   [3 0 0 0 0 0])
  ("sumrv" .
   [1 0 0 0 0])
  ("sumrx" .
   [2 0 0 0 0])
  ("c++-vector-pair-ll-ll-2" .
   [1 0 0 0 0 0 0 0 0 0 0 0 0 0 0 0 0 0 0 0 0 0 0])
  ("c++-vector-pair-ll-ll-1" .
   [1 0 0 0 0 0 0 0 0 0 0 0 0 0 0 0 0 0 0 0 0 0 0])
  ("c++-vector-ll-1" .
   [1 0 0 0 0 0 0 0 0 0 0 0 0 0 0])
  ("c++-vector-double-2" .
   [1 0 0 0 0 0 0 0 0 0 0 0 0 0 0 0 0 0 0])
  ("c++-vector-double-1" .
   [1 0 0 0 0 0 0 0 0 0 0 0 0 0 0 0 0 0 0])
  ("c++-vector-base-2" .
   [1 0 0 0 0 0 0 0 0 0 0 0 0 0 0 0 0])
  ("c++-vector-base-1" .
   [1 0 0 0 0 0 0 0 0 0 0 0 0 0 0 0 0])
  ("c++-vector-string-2" .
   [1 0 0 0 0 0 0 0 0 0 0 0 0 0 0 0 0 0 0])
  ("c++-vector-string-1" .
   [1 0 0 0 0 0 0 0 0 0 0 0 0 0 0 0 0 0 0])
  ("Comb" .
   [2 0 0 0])
  ("prime" .
   [10 0 0 0 0])
  ("prime_factor" .
   [1 0 0 0 0 0 0 0 0 0 0 0])
  ("os" .
   [2 0])
  ("ostream" .
   [2 0 0 0 0 0 0])
  ("Fp" .
   [8 0])
  ("modpow" .
   [19 0 0 0 0 0])
  ("mod" .
   [78 0 0])
  ("modfac" .
   [20 0 0 0 0 0])
  ("mint" .
   [30 0 0 0])
  ("toDivisor" .
   [3 0 0 0 0 0 0 0 0])
  ("dat" .
   [5 0 0])
  ("d" .
   [4])
  ("ve" .
   [5 0])
  ("ho" .
   [3 0])
  ("ABma" .
   [2 0 0 0])
  ("ABm" .
   [5 0 0])
  ("ABp" .
   [5 0 0])
  ("MOD" .
   [3 0 0])
  ("modPow" .
   [5 0 0 0 0 0])
  ("ld" .
   [10 0])
  ("score" .
   [8 0 0 0 0])
  ("score_sum" .
   [5 0 0 0 0 0 0 0 0])
  ("que2" .
   [2 0 0 0])
  ("di" .
   [15 0])
  ("t" .
   [25])
  ("cr" .
   [13 0])
  ("cl" .
   [12 0])
  ("co" .
   [6 0])
  ("push_top" .
   [1 0 0 0 0 0 0 0])
  ("pop_front" .
   [7 0 0 0 0 0 0 0 0])
  ("push_front" .
   [3 0 0 0 0 0 0 0 0 0])
  ("sa" .
   [1 0])
  ("mi" .
   [18 0])
  ("ma" .
   [20 0])
  ("minn" .
   [2 0 0 0])
  ("maxx" .
   [3 0 0 0])
  ("setprecision" .
   [2 0 0 0 0 0 0 0 0 0 0 0])
  ("fixed" .
   [2 0 0 0 0])
  ("pop_back" .
   [1 0 0 0 0 0 0 0])
  ("add" .
   [10 0 0])
  ("calc" .
   [1 0 0 0])
  ("tmp" .
   [123 0 1])
  ("floor" .
   [1 0 0 0 0])
  ("ook" .
   [3 0 0])
  ("is_friend" .
   [4 0 0 0 1 0 0 0 0])
  ("member" .
   [6 0 0 0 0 0])
  ("bits" .
   [20 0 0 0])
  ("logk" .
   [2 0 0 0])
  ("assign" .
   [8 0 0 0 0 0])
  ("maxk" .
   [5 0 0 0])
  ("log_table" .
   [5 0 0 0 0 0 0 0 0])
  ("table" .
   [8 0 0 0 0])
  ("SparseTable" .
   [2 0 0 0 0 0 0 0 0 0 0])
  ("nc" .
   [1 0])
  ("front" .
   [20 0 0 0 0])
  ("queue" .
   [10 0 0 0 0])
  ("to_string" .
   [3 0 0 0 1 0 0 0 0])
  ("flag" .
   [19 0 0 0])
  ("comb" .
   [8 0 0 0])
  ("l" .
   [28])
  ("st" .
   [24 0])
  ("res" .
   [525 0 0])
  ("c++-static-cast" .
   [1 0 0 0 0 0 0 0 0 0 0 0 0 0 0])
  ("memset" .
   [8 0 0 0 0 0])
  ("check" .
   [1 0 0 0 0])
  ("seen" .
   [6 0 0 0])
  ("count" .
   [38 0 0 0 0])
  ("dy8" .
   [1 0 0])
  ("yy" .
   [11 0])
  ("xx" .
   [8 0])
  ("dx8" .
   [2 0 0])
  ("seem" .
   [6 0 0 0])
  ("field" .
   [12 0 0 0 0])
  ("dfs" .
   [28 0 0])
  ("ll" .
   [491 0])
  ("max" .
   [74 0 0])
  ("ans" .
   [17 0 0])
  ("abs" .
   [61 0 0])
  ("distance" .
   [1 0 0 0 0 0 0 0])
  ("Y_vec" .
   [2 0 0 0 0])
  ("X_vec" .
   [3 0 0 0 0])
  ("resize" .
   [17 0 0 0 0 0])
  ("T_vec" .
   [4 0 0 0 0])
  ("show_loop" .
   [1 0 0 0 0 0 0 0 0])
  ("show_m" .
   [6 0 0 0 0 0])
  ("show" .
   [14 0 0 0])
  ("dashboard-startup-banner" .
   [1 0 0 0 0 0 0 0 0 0 0 0 0 0 0 0 0 1 0 0 0 0 0 0])
  ("get-buffer" .
   [1 0 0 0 0 0 0 0 0 0])
  ("initial-buffer-choice" .
   [0 0 0 0 0 0 0 0 0 0 0 0 1 0 0 0 0 0 0 0 0])
  ("Container" .
   [2 0 0 0 0 0 0 0 0])
  ("algorithm" .
   [1 0 0 0 0 0 0 0 0])
  ("map" .
   [16 0 0])
  ("__PRETTY_FUNCTION__" .
   [2 0 0 0 0 0 0 0 0 0 0 0 0 0 0 0 0 0 0])
  ("c++" .
   [1 0 0])
  ("std::cout" .
   [1 0 0 0 0 0 0 0 0])
  ("fset" .
   [4 0 0 0])
  ("LOG" .
   [2 0 0])
  ("ParseCommandLineFlags" .
   [1 0 0 0 0 1 0 0 0 0 0 0 0 0 0 0 0 0 0 0 0])
  ("InitGoogleLogging" .
   [0 0 0 0 1 0 0 0 0 0 0 0 0 0 0 0 0])
  ("google" .
   [3 0 0 0 0 0])
  ("logging" .
   [1 0 0 0 0 0 0])
  ("glog" .
   [2 0 0 0])
  ("gflags" .
   [4 0 0 0 0 0])
  ("test" .
   [7 0 0 0])
  ("c" .
   [30])
  ("index" .
   [17 0 0 0 0])
  ("num" .
   [16 0 0])
  ("gray" .
   [4 0 0 0])
  ("hsv_channels" .
   [3 0 0 0 0 0 0 0 0 1 0 0])
  ("sharpningKernel9" .
   [1 0 0 0 0 0 0 0 0 0 0 0 0 0 0 0])
  ("img_p" .
   [7 0 0 0 0])
  ("hpp" .
   [2 0 0])
  ("Mat_" .
   [1 0 0 0])
  ("sparpning_kernel_4_filter" .
   [0 0 0 0 0 0 0 0 0 0 0 0 1 0 0 0 0 0 0 0 0 0 0 0 0])
  ("sharpningKernel4" .
   [1 0 1 2 0 0 0 0 0 0 0 0 0 0 0 0])
  ("img_output" .
   [4 0 0 0 0 0 0 0 0 0])
  ("img_input" .
   [5 0 0 0 1 0 0 0 0])
  ("set_format" .
   [1 0 0 0 0 0 0 0 0 0])
  ("RESULT_2P_RECT_I" .
   [1 0 0 0 0 0 0 0 0 0 0 0 0 0 0 0])
  ("result_2p_rect" .
   [1 0 0 0 0 0 0 0 0 0 0 0 0 0])
  ("is_exist_next" .
   [0 0 0 0 0 0 1 0 0 0 0 0 0])
  ("next1_2p_rect" .
   [1 0 0 0 0 0 0 0 0 0 0 0 0])
  ("board_1p_rect" .
   [0 0 0 0 0 1 0 0 0 0 0 0 0])
  ("_pic_rect_list" .
   [14 0 0 0 2 1 1 0 0 0 0 0 0 0])
  ("i" .
   [58])
  ("result" .
   [1 0 0 0 0 0])
  ("_puyo_color_list" .
   [0 0 0 0 0 1 0 0 0 0 0 0 0 0 0 0])
  ("swap" .
   [7 0 0 0])
  ("vector" .
   [110 0 0 0 0 0])
  ("ps4" .
   [5 0 0])
  ("initializeDir" .
   [1 0 0 0 0 0 0 0 0 0 0 0 0])
  ("debug" .
   [16 0 0 0 0])
  ("path" .
   [12 0 0 0])
  ("flycheck-clang-language-standard" .
   [0 0 0 0 0 0 0 0 0 0 0 0 0 0 0 0 0 0 0 0 0 0 1 0 0 0 0 0 0 0 0 0])
  ("setq" .
   [7 0 0 0])
  ("eval" .
   [1 0 0 0])
  ("glib-mode-hook" .
   [1 0 0 0 0 0 0 0 0 0 0 0 0 0])
  ("is_exist_signal" .
   [2 0 0 0 1 0 0 0 0 0 0 0 0 0 0])
  ("iostream" .
   [1 0 0 0 0 0 0 0])
  ("bus" .
   [5 0 0])
  ("std" .
   [20 0 0])
  ("defun" .
   [2 0 0 0 0])
  ("pipeline" .
   [10 0 0 0 0 0 0 0])
  ("sink" .
   [11 0 0 0])
  ("resample" .
   [2 0 0 0 0 0 0 0])
  ("gst_element_factory_make" .
   [2 0 0 0 0 0 0 0 0 0 0 0 0 0 0 1 0 0 0 0 0 0 0 0])
  ("convert" .
   [2 0 0 0 0 0 0])
  ("source" .
   [8 0 0 0 0 0])
  ("argv" .
   [8 0 0 0])
  ("argc" .
   [5 0 0 0])
  ("data" .
   [13 0 0 0])
  ("CustomData" .
   [2 0 0 0 0 0 0 0 0 0])
  ("expand-file-name" .
   [1 0 0 0 0 0 0 0 0 0 0 0 0 0 0 0])
  ("window-body-size" .
   [1 0 0 0 0 0 0 0 0 0 0 0 0 0 0 0])
  ("interactive" .
   [6 0 0 0 1 0 0 0 0 0 0])
  ("lambda" .
   [5 0 0 0 0 0])
  ("global-map" .
   [5 0 0 0 0 0 0 0 0 0])
  ("pp" .
   [1 0])
  ("window-height" .
   [2 0 0 0 0 0 0 0 0 0 0 0 0])
  ("helm-map" .
   [3 0 0 0 0 0 0 0])
  ("cons" .
   [1 0 0 0])
  ("backup-directory-alist" .
   [0 0 0 0 0 0 0 0 0 0 0 1 0 0 0 0 0 0 0 0 0 0])
  ("add-to-list" .
   [15 0 0 0 0 0 0 0 0 0 0])
  ("flycheck" .
   [1 0 0 1 0 0 0 0])
  ("define-key" .
   [15 0 0 0 0 0 0 0 0 0])
  ("kbd" .
   [16 0 0])
  ("backward-kill-word" .
   [1 0 0 0 0 0 0 0 0 0 0 0 0 1 0 0 0 0])
  ("global-disable-mouse-mode" .
   [0 0 0 0 0 0 0 0 0 0 0 0 0 0 1 0 0 0 0 0 0 0 0 0 0])
  ("set-face-foreground" .
   [0 0 0 0 0 0 0 0 0 0 0 0 0 1 0 0 0 0 0])
  ("howm-mode-title-face" .
   [1 0 0 0 0 0 0 0 0 0 0 0 0 0 0 0 0 0 0 0])
  ("move-to-window-line" .
   [2 0 0 0 0 0 0 1 1 0 0 0 0 0 0 0 0 0 0])
  ("window-header-line-height" .
   [0 0 0 0 0 0 0 0 0 1 0 0 0 0 0 0 0 0 0 0 0 0 0 0 0])
  ("window-body-height" .
   [5 0 0 0 0 0 0 0 0 0 0 0 0 0 0 0 0 0])
  ("zap-to-char" .
   [1 0 0 0 0 0 0 0 0 0 0])
  ("set-face-attribute" .
   [1 0 0 0 0 0 0 0 0 0 0 0 0 0 0 0 0 0])
  ("default" .
   [1 0 0 0 0 0 0])
  ("nil" .
   [4 0 0])
  (":height" .
   [1 0 0 0 0 0 0])
  ("gst" .
   [25 0 0])
  ("flycheck-clang-includes" .
   [0 0 0 0 0 0 0 0 0 0 0 0 0 0 0 1 0 1 0 0 0 0 0])
  ("flycheck-clang-include-path" .
   [6 0 0 0 0 0 0 0 0 0 0 0 0 0 0 0 0 0 0 0 0 0 0 0 0 0 0])
  ("flycheck-clang-args" .
   [6 0 0 0 0 0 0 0 0 0 0 0 0 0 0 0 0 0 0])
  ("in" .
   [13 0])
  ("caps" .
   [13 0 0 0])
  ("GstStructure" .
   [1 0 0 0 0 0 0 0 0 0 0 0])
  ("structure" .
   [4 0 0 0 0 0 0 0 0])
  ("gst_caps_get_structure" .
   [2 0 0 0 0 0 0 0 0 0 0 0 0 0 0 0 0 0 0 0 0 0])
  ("g_print" .
   [14 0 0 0 0 0 0])
  ("pfx" .
   [2 0 0])
  ("gst_structure_get_name" .
   [1 0 0 0 0 0 0 0 0 0 0 0 0 0 0 0 0 0 0 0 0 0])
  ("print_field" .
   [1 0 0 0 0 0 0 0 0 0 0])
  ("gpointer" .
   [1 0 0 0 0 0 0 0])
  ("g_quark_to_string" .
   [1 0 0 0 0 0 0 0 0 0 0 0 0 0 0 0 0])
  ("it" .
   [52 0])
  ("Capabilities" .
   [1 0 0 0 0 0 0 0 0 0 0 0])
  ("factory" .
   [3 0 0 0 0 0 0])
  ("pads" .
   [5 0 0 0])
  ("padtemplate" .
   [9 0 0 0 0 0 0 0 0 0 0])
  ("GstState" .
   [2 0 0 0 0 0 0 0])
  ("direction" .
   [1 0 0 0 0 0 0 0 0])
  ("name_template" .
   [1 0 0 0 0 0 0 0 0 0 0 0 0])
  ("string" .
   [72 0 0 0 0 0])
  ("GstCaps" .
   [2 0 0 0 0 0 0])
  ("static_caps" .
   [1 0 0 0 0 0 0 0 0 0 0])
  ("print" .
   [3 0 0 0 0])
  ("print_caps" .
   [2 0 0 0 0 0 0 0 0 0])
  ("GstElement" .
   [2 0 0 0 0 0 0 0 0 0])
  ("element" .
   [2 0 0 0 0 0 0])
  ("gchar" .
   [3 0 0 0 0])
  ("GstPad" .
   [1 0 0 0 0 0])
  ("NULL" .
   [7 0 0 0])
  ("pad" .
   [5 0 0])
  ("gst_element_get_static_pad" .
   [1 0 0 0 0 0 0 0 0 0 0 0 0 0 0 0 0 0 0 0 0 0 0 0 0 0])
  ("pad_name" .
   [3 0 0 0 0 0 0 0])
  ("g_printerr" .
   [9 0 0 0 0 0 0 0 0 0])
  ("gst_pad_get_current_caps" .
   [1 0 0 0 0 0 0 0 0 0 0 0 0 0 0 0 0 0 0 0 0 0 0 0])
  ("gst_object_unref" .
   [5 0 0 0 0 0 0 0 0 0 0 0 0 0 0 0])
  ("GstElementFactory" .
   [1 0 0 0 0 0 0 0 0 0 0 0 0 0 0 0 0])
  ("GstBus" .
   [1 0 0 0 0 0])
  ("GstMessage" .
   [1 0 0 0 0 0 0 0 0 0])
  ("msg" .
   [10 0 0])
  ("GstStateChangeReturn" .
   [1 0 0 0 0 0 0 0 0 0 0 0 0 0 0 0 0 0 0 0])
  ("ret" .
   [3 0 0])
  ("gboolean" .
   [2 0 0 0 0 0 0 0])
  ("terminate" .
   [4 0 0 0 0 0 0 0 0])
  ("gst_init" .
   [1 0 0 0 0 0 0 0])
  ("source_factory" .
   [4 0 0 0 0 0 0 0 0 1 0 0 0 0])
  ("sink_factory" .
   [5 0 0 0 0 0 0 0 0 0 0 0])
  ("gst_element_factory_find" .
   [1 0 0 0 0 0 0 0 0 0 0 0 0 0 0 0 0 0 0 0 0 0 0 0])
  ("exit" .
   [9 0 0 0])
  ("print_pad_templates_information" .
   [2 0 0 0 0 0 0 0 0 0 0 0 0 0 0 0 0 0 0 0 0 0 0 0 0 0 0 0 0 0 0])
  ("gst_element_factory_create" .
   [1 0 0 0 0 0 0 0 0 0 0 0 0 0 0 0 0 0 0 0 0 0 0 0 0 0])
  ("gst_pipeline_new" .
   [1 0 0 0 0 0 0 0 0 0 0 0 0 0 0 0])
  ("gst_bin_add_many" .
   [1 0 0 0 0 0 0 0 0 0 0 0 0 0 0 0])
  ("print_pad_capabilities" .
   [1 0 0 0 0 0 0 0 0 0 0 0 0 1 0 0 0 0 0 0 0 0])
  ("gst_element_set_state" .
   [2 0 0 0 0 0 0 0 0 0 0 0 0 0 0 0 0 0 0 0 0])
  ("gst_element_get_bus" .
   [1 0 0 0 0 0 0 0 0 0 0 0 0 0 0 0 0 0 0])
  ("gst_bus_timed_pop_filtered" .
   [0 0 0 0 0 0 0 0 0 0 0 0 0 0 0 0 1 0 0 0 0 0 0 0 0 0])
  ("GstMessageType" .
   [2 0 0 0 0 0 0 0 0 0 0 0 0 0])
  ("GError" .
   [1 0 0 0 0 0])
  ("err" .
   [12 0 0])
  ("gst_message_parse_error" .
   [1 0 0 0 0 0 0 0 0 0 0 0 0 0 0 0 0 0 0 0 0 0 0])
  ("debug_info" .
   [5 0 0 0 0 0 0 0 0 0])
  ("src" .
   [3 0 0])
  ("message" .
   [1 0 0 0 0 0 0])
  ("g_clear_error" .
   [1 0 0 0 0 0 0 0 0 0 0 0 0])
  ("g_free" .
   [1 0 0 0 0 0])
  ("old_state" .
   [3 0 0 0 0 0 0 0 0])
  ("new_state" .
   [3 0 0 0 0 0 0 0 0])
  ("pending_state" .
   [2 0 0 0 0 0 0 0 0 0 0 0 0])
  ("gst_message_parse_state_changed" .
   [1 0 0 0 0 0 0 0 0 0 0 0 0 0 0 0 0 0 0 0 0 0 0 0 0 0 0 0 0 0 0])
  ("gst_element_state_get_name" .
   [1 0 0 0 0 0 0 0 0 0 0 0 0 0 0 0 0 0 0 0 0 0 0 0 0 0])
  ("gst_message_unref" .
   [1 0 0 0 0 0 0 0 0 0 0 0 0 0 0 0 0])
  ("device_number" .
   [2 0 0 0 0 0 0 0 0 0 0 0 0])
  ("video_format" .
   [2 0 0 0 0 0 0 0 0 0 0 0])
  ("video" .
   [1 0 0 0 0])
  ("define-minor-mode" .
   [1 0 0 0 0 0 0 0 0 0 0 0 0 0 0 0 0])
  ("add-hook" .
   [1 0 0 0 0 0 0 0])
  ("glib-mode" .
   [1 0 0 0 0 0 0 0 0])
  ("my-glib-mode-hook" .
   [1 0 0 0 0 0 0 0 0 0 0 0 0 0 0 0 0])
  ("window" .
   [1 0 0 0 0 0])
  ("filesystem" .
   [4 0 0 0 0 0 0 0 0 0])
  ("main" .
   [2 0 0 0])
  ("ScreenShot" .
   [1 0 0 0 0 0 0 0 0 0])
  ("screenShot" .
   [3 0 0 0 0 0 0 0 0 0])
  ("width" .
   [1 0 0 0 0])
  ("height" .
   [1 0 0 0 0 0])
  ("State" .
   [2 0 0 0 0])
  ("env" .
   [4 0 0])
  ("scr" .
   [2 0 0])
  ("step" .
   [1 0 0 0])
  ("isGetState" .
   [1 0 0 0 0 0 0 0 0 0])
  ("get_mode" .
   [1 0 0 0 0 0 0 0])
  ("existNext_1p" .
   [1 0 0 0 0 0 0 0 0 0 0 0])
  ("cout" .
   [8 0 0 0])
  ("endl" .
   [5 0 0 0])
  ("circles" .
   [2 0 0 0 0 0 0])
  ("size" .
   [142 0 0 0])
  ("cv" .
   [20 0])
  ("Rect" .
   [1 0 0 0])
  ("pic" .
   [31 0 0])
  ("PUYO_HEIGHT" .
   [1 0 0 0 0 0 0 0 0 0 0])
  ("Mat" .
   [13 0 0])
  ("img" .
   [5 0 0])
  ("getImg" .
   [1 0 0 0 0 0])
  ("showForDebug" .
   [1 0 0 0 0 0 0 0 0 0 0 0])
  ("is" .
   [39 0])
  ("h" .
   [2])
  ("is_hsv" .
   [2 0 0 0 0 0])
  ("clone" .
   [2 0 0 0 0])
  ("is_delete" .
   [5 0 0 0 0 0 0 0 0])
  ("dir_name" .
   [5 0 0 0 0 0 0 0])
  ("dir_path" .
   [6 0 0 0 0 0 0 0])
  ("removeDir" .
   [2 0 0 0 0 0 0 0 0])
  ("fs" .
   [1 0])
  ("exist" .
   [1 0 0 0 0])
  ("exists" .
   [1 0 0 0 0 0])
  ("is_overwrite" .
   [3 0 0 0 0 0 0 0 0 0 0 0])
  ("make" .
   [1 0 0 0])
  ("makeDir" .
   [4 0 0 0 0 0 0])
  ("dir" .
   [1 0 0])
  ("assert" .
   [14 0 0 0 0 0])
  ("diff_gray" .
   [1 0 0 0 0 0 0 0 0])
  ("diff_img_file_path" .
   [1 0 0 0 0 0 0 0 0 0 0 0 0 0 0 0 0 0])
  ("yellow" .
   [1 0 0 0 0 0])
  ("yellow_img_list" .
   [2 0 0 0 0 0 0 0 0 0 0 0 0 0 0])
  ("pair" .
   [34 0 0 0])
  ("debug_yellow_img_file_path" .
   [1 0 0 0 0 0 0 0 0 0 0 0 0 0 0 0 0 0 0 0 0 0 0 0 0 0])
  ("debug_yellow" .
   [1 0 0 0 0 0 0 0 0 0 0 0])
  ("diff" .
   [11 0 0 0])
  ("diff_binary_img_list" .
   [0 0 0 0 0 1 0 0 0 0 0 1 0 0 0 0 0 0 0 0])
  ("insert" .
   [38 0 0 0 0 0])
  ("debug_diff_binary_img_file_path" .
   [1 0 0 0 0 0 0 0 0 0 0 0 0 0 0 0 0 0 0 0 0 0 0 0 0 0 0 0 0 0 0])
  ("debug_diff_binary_img" .
   [0 0 0 0 0 0 0 0 0 0 0 0 0 0 1 0 0 0 0 0 0])
  ("saveImg" .
   [2 0 0 0 0 0 0])
  ("countNonZero" .
   [1 0 0 0 0 0 0 0 0 0 0 0])
  ("diff_binary_cut_around_img_list" .
   [0 0 0 0 0 1 0 0 0 0 0 0 0 0 0 1 0 0 0 0 0 0 0 0 0 0 0 0 0 0 0])
  ("debug_diff_binary_cut_img_file_path" .
   [1 0 0 0 0 0 0 0 0 0 0 0 0 0 0 0 0 0 0 0 0 0 0 0 0 0 0 0 0 0 0 0 0 0 0])
  ("debug_diff_binary_cut_img" .
   [1 0 0 0 0 0 0 0 0 0 0 0 0 0 0 0 0 0 0 0 0 0 0 0 0])
  ("opening" .
   [1 0 0 0 0 0 0])
  ("closing" .
   [1 0 0 0 0 0 0])
  ("kill-word" .
   [1 0 0 0 0 0 0 0 0])
  ("c++-mode-map" .
   [4 0 0 0 0 0 0 0 0 0 0 0])
  ("c-indent-line-or-region" .
   [0 0 0 0 0 0 0 0 0 0 0 0 0 0 0 0 0 1 0 0 0 0 0])
  ("c-include" .
   [1 0 0 0 0 0 0 0 0])
  ("c-include-angle-brackets" .
   [0 0 0 0 0 0 0 0 0 0 1 0 0 0 0 0 0 0 0 0 0 0 0 0])
  ("c-include-quort" .
   [0 0 0 0 0 0 0 0 0 0 0 0 1 0 0])
  ("set" .
   [24 0 0])
  ("dashboard-banner-logo-title" .
   [1 0 0 0 0 0 0 0 0 0 0 0 0 0 0 0 0 0 0 0 0 0 0 0 0 0 0])
  ("cin" .
   [409 0 0])
  ("a" .
   [21])
  ("num2digit" .
   [0 0 0 0 1 0 0 0 0])
  ("num_digit" .
   [1 0 0 0 0 0 0 0 0])
  ("size_t" .
   [1 0 0 0 0 0])
  ("sum" .
   [102 0 0])
  ("accumulate" .
   [7 0 0 0 0 0 0 0 0 0])
  ("begin" .
   [86 0 0 0 0])
  ("v" .
   [6])
  ("end" .
   [58 0 0])
  ("sum_" .
   [1 0 0 0])
  ("num_" .
   [1 0 0 0])
  ("ok" .
   [13 0])
  ("ng" .
   [4 0])
  ("mid" .
   [70 0 0])
  ("digitPoor" .
   [1 0 0 0 0 0 0 0 0])
  ("dp" .
   [168 0])
  ("str" .
   [87 0 0])
  ("m" .
   [10])
  ("chmax" .
   [49 0 0 0 0])
  ("vals" .
   [18 0 0 0])
  ("push_back" .
   [102 0 0 0 0 0 0 0 0])
  ("sort" .
   [40 0 0 0])
  ("erase" .
   [2 0 0 0 0])
  ("unique" .
   [1 0 0 0 0 0])
  ("setw" .
   [3 0 0 0])
  ("setfill" .
   [3 0 0 0 0 0 0])
  ("city" .
   [5 0 0 0])
  ("lower_bound" .
   [14 0 0 0 0 2 0 0 0 0 0])
  ("vec" .
   [5 0 0])
  ("pow" .
   [7 0 0])
  ("reserve" .
   [1 0 0 0 0 0 0])
  ("query" .
   [14 0 0 0 0])
  ("is_rev" .
   [4 0 0 0 0 0])
  ("left" .
   [35 0 0 0])
  ("upper_bound" .
   [4 0 0 0 0 1 0 0 0 0 0])
  ("right" .
   [30 0 0 0 0])
  ("Graph" .
   [4 0 0 0 0])
  ("make_tuple" .
   [1 0 0 0 0 0 0 0 0 0])
  ("to" .
   [41 0])
  ("e" .
   [5])
  ("s" .
   [15])
  ("Grid" .
   [4 0 0 0])
  ("time" .
   [15 0 0 0])
  ("cost" .
   [24 0 0 0])
  ("grid" .
   [45 0 0 0])
  ("priority_queue" .
   [4 0 0 0 0 0 0 0 0 0 0 0 0 0])
  ("que" .
   [116 0 0])
  ("greater" .
   [13 0 0 0 0 0 0])
  ("dist" .
   [132 0 0 0])
  ("push" .
   [45 0 0 0])
  ("empty" .
   [22 0 0 0 0])
  ("top" .
   [20 0 0])
  ("pop" .
   [33 0 0])
  ("first" .
   [71 0 0 0 0])
  ("second" .
   [80 0 0 0 0 0])
  ("now" .
   [96 0 0])
  ("nv" .
   [56 0])
  ("dist2" .
   [16 0 0 0 0])
  ("dist1" .
   [13 0 0 0 0])
  ("times" .
   [5 0 0 0 0])
  ("min" .
   [34 0 0])
  ("dist_min" .
   [7 0 0 0 0 0 0 0])
  ("chmin" .
   [31 0 0 0 0])
  ("initializer_list" .
   [0 0 0 0 0 0 0 0 0 0 1 0 0 0 0 0])
  ("list" .
   [3 0 0 0])
  ("max_element" .
   [8 0 0 0 0 0 0 0 0 0 0])
  ("edge" .
   [8 0 0 0])
  ("exchange" .
   [1 0 0 0 0 0 0 0])
  ("emplace_back" .
   [1 0 0 0 0 0 0 0 0 0 0 0])
  ("sub" .
   [8 0 0])
  ("substr" .
   [6 0 0 0 0 0])
  ("cur" .
   [4 0 0])
  ("tenfactor" .
   [2 0 0 0 0 0 0 0 0])
  ("val" .
   [6 0 0])
  ("ostringstream" .
   [1 0 0 0 0 0 0 0 0 0 0 0 0])
  ("ss" .
   [2 0])
  ("nh" .
   [8 0])
  ("nw" .
   [7 0])
  ("dx" .
   [23 0])
  ("dy" .
   [29 0])
  ("b" .
   [19])
  ("uv" .
   [4 0])
  ("stack" .
   [7 0 0 0 0])
  ("sta" .
   [15 0 0])
  ("s1" .
   [1 0])
  ("s2" .
   [1 0])
  ("ist" .
   [8 0 0])
  ("ALL" .
   [5 0 0])
  ("cnt" .
   [156 0 0])
  ("cnt_s" .
   [13 0 0 0 0])
  ("pos" .
   [20 0 0])
  ("cnt1" .
   [27 0 0 0])
  ("cnt0" .
   [3 0 0 0])
  ("fac" .
   [2 0 0])
  ("global-set-key" .
   [0 0 0 0 0 0 0 0 0 1 0 0 0 0])
  ("C-c" .
   [1 0 0])
  ("mark-whole-buffer" .
   [1 0 0 0 0 0 0 0 0 0 0 0 0 0 0 0 0])
  ("ni" .
   [6 0])
  ("compe-all" .
   [1 0 0 0 0 0 0 0 0])
  ("is_same" .
   [1 0 0 0 0 0 0])
  ("pre" .
   [70 0 0])
  ("resv" .
   [5 0 0 0])
  ("reverse" .
   [4 0 0 0 0 0 0])
  ("com" .
   [10 0 0])
  ("dam" .
   [9 0 0])
  ("UnionFind" .
   [10 0 0 0 0 0 0 0 0])
  ("merge" .
   [17 0 0 0 0])
  ("SegTree" .
   [6 0 0 0 0 0 0])
  ("make_vec" .
   [1 0 0 0 0 0 0 0])
  ("deg" .
   [6 0 0])
  ("dis" .
   [10 0 0])
  ("p" .
   [3])
  ("isu" .
   [30 0 0])
  ("true" .
   [2 0 0 0])
  ("cntg" .
   [2 0 0 0])
  ("cntp" .
   [1 0 0 0])
  ("isalpha" .
   [1 0 0 0 0 0 0])
  ("mul" .
   [7 0 0])
  ("mc" .
   [2 0])
  ("solve" .
   [20 0 0 0 0])
  ("toDigit" .
   [1 0 0 0 0 0 0])
  ("isH" .
   [15 0 0])
  ("isW" .
   [14 0 0])
  ("init" .
   [10 0 0 0])
  ("e_ind" .
   [2 0 0 0 0])
  ("roN" .
   [1 0 0])
  ("cntok" .
   [1 0 0 0 0])
  ("require" .
   [3 0 0 0 0 0 0])
  ("helm" .
   [3 0 0 0])
  ("tree" .
   [1 0 0 0])
  ("f" .
   [2])
  ("zmi" .
   [5 0 0])
  ("wmi" .
   [5 0 0])
  ("wma" .
   [6 0 0])
  ("zma" .
   [3 0 0])
  ("mb" .
   [4 0])
  ("get_partition" .
   [2 0 0 0 0 0 0 0 0 0 0 0 0])
  ("partition" .
   [2 0 0 0 0 0 0 0 0])
  ("all" .
   [6 0 0])
  ("atcoder" .
   [5 0 0 0 0 0 0])
  ("flycheck-gcc-include-path" .
   [1 0 0 0 0 0 0 0 0 0 0 0 0 0 0 0 0 0 0 0 0 0 0 0 0])
  ("pre_cnt" .
   [6 0 0 0 0 0 0])
  ("prea" .
   [4 0 0 0])
  ("preb" .
   [3 0 0 0])
  ("sum1" .
   [18 0 0 0])
  ("sum2" .
   [17 0 0 0])
  ("N" .
   [22])
  ("isout" .
   [3 0 0 0 0])
  ("isin" .
   [1 0 0 0])
  ("CC" .
   [1 0])
  ("AA" .
   [3 0])
  ("lcm" .
   [5 0 0])
  ("gcd" .
   [3 0 0])
  ("lc" .
   [5 0])
  ("iis" .
   [5 0 0])
  ("sx" .
   [1 0])
  ("sy" .
   [1 0])
  ("ceil" .
   [1 0 0 0])
  ("iota" .
   [1 0 0 0])
  ("uf" .
   [9 0])
  ("se" .
   [26 0])
  ("rbegin" .
   [1 0 0 0 0 0])
  ("SUM" .
   [1 0 0])
  ("aa" .
   [3 0])
  ("bb" .
   [2 0])
  ("middle" .
   [6 0 0 0 0 0])
  ("w" .
   [1])
  ("up" .
   [9 0])
  ("sqrt" .
   [2 0 0 0])
  ("cc" .
   [5 0])
  ("mp" .
   [12 0])
  ("noexcept" .
   [0 0 0 0 0 0 0 1])
  ("seg" .
   [3 0 0])
  ("pre_ri" .
   [4 0 0 0 0 0])
  ("getFloat" .
   [2 0 0 0 0 0 0 0])
  ("NewReader" .
   [0 0 0 0 0 0 0 0 1])
  ("Stdin" .
   [1 0 0 0 0])
  ("reader" .
   [1 0 0 0 0 0])
  ("input" .
   [3 0 0 0 0])
  ("strings" .
   [1 0 0 0 0 0 1])
  ("TrimSpace" .
   [1 0 0 0 0 0 0 0 0])
  ("ParseFloat" .
   [0 0 0 0 0 0 1 0 0 0])
  ("number" .
   [1 0 0 0 0 0])
  ("Print" .
   [1 0 0 0 0])
  ("Println" .
   [15 0 0 0 0 0 0])
  ("celsius" .
   [0 0 1 0 0 0 0])
  ("Fatal" .
   [1 0 0 0 0])
  ("A" .
   [10])
  ("B" .
   [3])
  ("C" .
   [2])
  ("X" .
   [1])
  ("n" .
   [3])
  ("interface" .
   [0 0 0 7 0 0 0 0 0])
  ("if" .
   [0 1])
  ("Scan" .
   [7 0 0 0])
  ("Atoi" .
   [2 0 0 0])
  ("Itoa" .
   [1 0 0 0])
  ("int" .
   [14 0 0])
  ("SliceStable" .
   [1 0 0 0 0 0 0 0 0 0 0])
  ("j" .
   [6])
  ("pat" .
   [2 0 0])
  ("low" .
   [6 0 0])
  ("high" .
   [6 0 0 0])
  ("node" .
   [11 0 0 0])
  ("prever" .
   [4 0 0 0 0 0])
  ("sum_path" .
   [6 0 0 0 0 0 0 0])
  ("nex" .
   [5 0 0])
  ("cost_map" .
   [4 0 0 0 0 0 0 0])
  ("nd" .
   [1 0])
  ("Ramen" .
   [1 0 0 0 0])
  ("Compare" .
   [5 0 0 0 0 0 0])
  ("Answer" .
   [2 0 0 0 0 0])
  ("label" .
   [10 0 0 0 0])
  ("NN" .
   [4 0])
  ("start" .
   [1 0 0 0 0])
  ("fin" .
   [7 0 0])
  ("ymp" .
   [7 0 0])
  ("xmp" .
   [9 0 0])
  ("tuple" .
   [4 0 0 0 0])
  ("stoll" .
   [2 0 0 0 0])))
